-0.002
-0.002
0.001
-0.005
0.008
-0.003
0.002
-0.004
0.000
-0.008
-0.010
-0.004
-0.007
-0.006
0.000
-0.001
-0.007
-0.009
-0.019
-0.008
-0.012
0.005
-0.010
-0.001
-0.016
0.001
-0.013
-0.009
-0.001
-0.003
-0.004
-0.009
-0.010
-0.011
-0.003
-0.002
-0.007
-0.001
-0.006
-0.024
-0.001
-0.013
-0.017
-0.001
-0.017
0.001
-0.009
-0.003
-0.017
-0.000
-0.026
-0.003
-0.027
-0.024
0.001
0.001
-0.000
-0.003
-0.020
-0.015
-0.003
-0.014
-0.046
-0.013
-0.009
-0.013
-0.003
-0.004
-0.005
-0.020
-0.000
-0.009
-0.024
-0.009
0.005
-0.007
-0.007
-0.011
0.004
-0.016
-0.012
-0.022
-0.011
-0.018
-0.009
-0.003
-0.022
-0.017
-0.010
-0.020
-0.001
-0.007
0.006
-0.009
-0.011
-0.002
-0.020
-0.010
-0.017
-0.007
-0.015
0.003
0.004
-0.004
-0.009
-0.023
0.005
-0.006
-0.016
-0.003
-0.000
-0.001
-0.021
-0.013
-0.008
0.006
-0.012
-0.017
-0.005
-0.003
-0.000
-0.005
-0.029
-0.005
0.000
0.015
-0.002
-0.012
-0.004
-0.004
-0.019
-0.008
-0.015
0.004
-0.005
-0.016
-0.026
-0.010
-0.014
0.001
-0.012
-0.004
-0.014
-0.013
-0.019
0.001
0.001
-0.004
-0.011
-0.019
-0.003
0.001
-0.002
0.005
0.001
-0.019
-0.002
-0.006
-0.000
-0.003
-0.009
-0.004
-0.003
-0.012
0.000
-0.008
0.003
-0.010
-0.014
-0.011
0.006
0.002
-0.018
0.001
-0.000
-0.006
-0.014
-0.010
-0.003
-0.010
-0.000
0.003
-0.002
-0.009
-0.003
-0.008
-0.011
-0.008
-0.017
-0.006
-0.028
-0.006
0.002
-0.008
-0.024
-0.004
-0.032
-0.007
-0.012
-0.007
-0.020
-0.010
0.016
-0.004
-0.011
-0.005
-0.008
-0.011
-0.012
-0.006
-0.018
-0.017
-0.004
-0.012
-0.003
-0.023
-0.007
-0.006
0.006
-0.016
-0.007
-0.003
-0.010
0.002
-0.020
-0.012
-0.019
-0.000
0.002
-0.009
-0.006
-0.022
0.001
-0.008
0.003
-0.000
0.003
-0.005
-0.006
-0.006
-0.012
-0.015
-0.015
-0.009
-0.008
-0.002
-0.005
-0.022
-0.002
-0.011
-0.006
-0.014
-0.006
-0.018
-0.007
-0.011
-0.003
-0.009
-0.004
-0.002
-0.009
-0.011
-0.010
0.001
-0.024
-0.007
-0.011
-0.005
-0.017
-0.002
-0.005
-0.013
-0.013
0.005
-0.005
-0.014
-0.006
0.000
-0.001
-0.001
0.005
-0.009
-0.001
0.002
0.001
-0.003
-0.021
-0.018
-0.009
-0.004
-0.010
-0.001
-0.016
-0.007
-0.001
-0.019
-0.010
-0.007
-0.004
0.003
