0.094
0.003
-0.153
0.007
0.041
-0.148
-0.056
0.042
0.200
0.096
0.055
0.025
0.147
0.007
0.026
-0.040
-0.030
-0.020
-0.126
0.026
-0.132
-0.038
0.004
-0.008
0.026
0.085
-0.076
-0.017
0.006
-0.058
0.052
-0.008
-0.103
0.004
0.206
-0.096
-0.045
-0.032
0.244
-0.073
-0.077
-0.290
-0.004
-0.128
0.028
0.059
0.063
-0.068
0.000
0.076
-0.016
0.014
-0.234
0.023
-0.009
0.019
0.100
-0.147
-0.107
0.119
-0.212
0.071
0.338
0.211
-0.021
-0.130
0.027
0.144
0.042
0.011
0.275
0.052
-0.061
0.029
-0.022
0.036
0.013
0.010
0.653
-0.125
0.018
-0.054
-0.156
0.007
0.034
-0.021
-0.261
-0.049
-0.022
-0.021
0.279
-0.091
0.155
-0.240
-0.015
-0.005
0.074
0.022
-0.007
-0.030
